Galois Field : GF(31)
Number of variables (n) : 10
Number of polynomials (m) : 7
Seed : 0
Order : graded reverse lex order

*********************
26 14 8 22 14 18 22 3 1 4 17 25 1 16 31 22 30 8 8 0 13 16 16 14 26 25 17 3 14 22 17 9 13 2 2 2 21 9 1 0 10 11 3 9 14 2 9 21 2 13 19 9 19 17 26 15 0 6 16 25 25 2 24 16 13 8 ;
15 16 5 6 27 8 28 22 6 11 28 26 27 17 1 14 3 10 1 28 13 28 10 19 7 29 13 13 21 13 14 30 9 7 6 16 16 23 19 5 20 14 30 21 16 4 20 5 4 2 23 10 31 12 28 0 18 2 22 22 1 25 26 31 24 13 ;
31 25 23 5 12 5 23 18 26 25 24 23 1 27 11 14 30 5 21 13 26 12 28 27 23 19 23 0 10 9 20 10 14 3 26 22 6 12 9 6 5 25 14 16 0 31 29 14 24 28 15 24 25 22 5 10 30 2 17 30 5 14 3 18 26 2 ;
25 19 22 28 1 24 12 6 29 9 22 10 1 5 17 2 15 22 18 27 16 1 25 0 28 19 17 27 29 12 6 8 15 8 15 11 6 17 31 31 2 28 30 10 18 15 20 3 15 6 30 11 1 10 4 0 2 12 14 29 11 31 11 4 20 17 ;
4 12 17 18 4 7 30 31 28 26 0 22 8 25 20 13 24 2 28 28 1 30 28 20 7 25 19 1 5 18 21 12 12 7 26 15 19 8 28 16 13 19 5 3 15 22 31 24 14 23 19 21 5 20 23 14 3 22 16 5 9 25 11 7 7 27 ;
15 20 19 28 18 28 24 5 3 18 22 6 19 3 14 10 25 28 16 22 25 31 4 5 30 10 25 11 4 5 4 5 0 1 26 13 25 12 25 26 9 5 8 11 9 3 1 6 15 25 28 12 5 20 6 24 21 1 13 20 26 29 25 30 25 1 ;
4 24 3 22 26 6 30 3 29 27 13 20 15 7 13 19 13 25 24 1 8 19 14 31 0 2 11 20 10 29 9 13 28 3 27 17 30 16 6 24 2 18 3 28 24 15 12 25 22 18 18 12 3 8 30 27 7 17 10 10 13 3 13 28 6 1 ;
