Galois Field : GF(31)
Number of variables (n) : 10
Number of polynomials (m) : 20
Seed : 0
Order : graded reverse lex order

*********************
16 3 26 15 14 14 20 21 3 27 7 30 6 10 9 15 2 21 4 18 26 3 8 4 8 21 14 27 11 2 5 22 25 10 28 22 14 6 6 9 6 16 30 17 19 17 2 25 20 17 24 12 30 0 14 31 30 4 10 27 0 28 11 9 27 18 ;
5 0 18 23 6 31 14 6 29 21 27 21 8 20 16 15 29 17 17 22 13 18 18 20 1 0 26 3 11 26 8 21 1 22 0 20 5 28 23 10 24 24 8 21 17 4 6 25 5 22 26 1 15 12 26 27 14 12 30 18 2 20 3 20 8 9 ;
19 21 31 29 8 8 4 14 11 7 1 28 8 11 6 0 23 5 19 5 11 2 1 10 27 16 26 26 25 25 4 25 23 4 0 2 10 23 26 22 8 4 12 18 3 6 28 7 24 15 2 0 17 7 2 22 29 18 22 21 13 17 5 4 19 19 ;
31 1 19 15 1 2 8 19 26 7 27 4 23 29 1 22 6 13 31 31 25 21 5 29 19 7 15 29 29 30 7 14 17 13 21 13 19 10 3 5 8 20 22 17 3 15 14 22 8 11 11 25 18 29 11 13 10 13 20 9 30 30 0 23 11 15 ;
4 9 1 25 5 5 20 7 8 29 3 3 16 19 13 22 22 20 4 22 17 19 13 26 25 26 27 2 16 21 23 10 24 11 1 25 10 24 18 23 0 15 22 19 19 17 7 4 16 9 18 16 10 19 16 23 15 5 19 1 17 31 9 10 22 10 ;
11 31 27 2 11 24 15 12 15 18 2 1 12 18 3 28 10 20 7 28 9 17 17 22 7 14 14 30 16 9 25 28 3 6 6 5 16 4 25 9 5 4 7 31 26 7 5 25 10 11 23 15 23 0 5 30 19 14 1 29 8 3 28 13 23 13 ;
13 0 15 28 31 12 31 11 19 19 8 17 27 25 31 7 7 22 3 8 28 11 10 1 15 16 6 16 7 15 0 25 27 7 12 27 16 11 28 2 23 9 29 19 5 13 24 1 15 24 8 16 22 0 20 14 16 18 21 24 14 25 17 31 19 2 ;
23 29 17 9 7 6 0 0 8 12 29 27 4 18 4 0 6 0 14 7 3 14 25 1 28 3 13 15 18 18 16 2 20 6 15 21 17 25 25 10 23 16 22 11 30 25 12 13 15 19 4 9 4 23 8 17 21 14 15 11 10 25 4 0 6 0 ;
30 31 29 6 0 29 29 3 4 23 18 21 26 10 14 19 25 17 7 27 19 13 29 1 25 1 23 15 16 21 12 25 24 29 14 21 25 23 3 16 18 13 28 11 5 30 14 8 22 17 15 7 26 1 9 9 24 4 26 4 11 12 1 25 0 18 ;
6 13 14 25 22 21 15 13 5 14 25 27 18 12 24 17 2 9 15 19 0 31 19 9 23 22 9 16 10 22 15 17 26 1 27 21 23 30 23 23 11 1 9 15 12 25 9 11 13 19 13 13 22 30 27 5 16 17 3 7 31 26 27 8 22 28 ;
7 18 19 16 20 19 21 21 23 30 17 23 0 6 11 27 14 25 22 1 20 15 30 18 6 21 23 26 7 22 22 3 31 16 1 31 9 31 13 6 6 27 11 15 7 17 24 14 0 0 23 31 21 27 17 4 22 26 6 5 10 27 1 10 27 26 ;
19 29 13 24 22 13 14 5 8 24 31 3 20 29 11 25 12 1 3 12 4 19 28 31 8 29 13 1 25 20 1 2 16 18 17 12 2 13 16 8 7 17 29 11 24 29 2 22 13 4 5 28 17 14 8 6 4 27 6 24 28 19 23 25 26 27 ;
19 8 18 4 8 19 0 15 19 24 5 27 5 7 18 29 6 8 31 11 17 24 7 22 31 27 29 6 6 28 14 24 19 30 24 24 3 22 1 21 21 18 29 7 10 30 14 0 28 4 12 30 21 11 28 6 20 21 27 7 5 5 13 0 17 4 ;
14 29 26 9 25 19 21 31 8 27 23 14 26 25 19 10 7 20 5 29 30 1 19 8 17 5 14 16 24 4 26 16 1 2 2 11 26 5 2 15 1 1 12 1 5 12 23 4 31 28 0 12 31 12 4 12 13 22 0 6 8 7 22 13 8 28 ;
4 4 10 31 10 13 6 1 7 1 2 16 3 31 10 22 29 24 20 31 1 25 9 6 3 24 7 16 18 28 22 2 7 16 6 25 29 14 24 17 9 2 29 8 21 17 8 7 3 1 2 19 16 25 3 3 1 2 24 9 23 1 0 14 9 13 ;
11 3 12 23 1 24 7 26 17 23 7 29 1 25 21 14 6 19 20 30 21 6 14 23 29 1 12 0 29 16 22 3 12 19 20 5 28 31 29 9 20 13 9 16 18 29 7 15 17 12 2 9 25 16 26 25 8 18 15 22 18 11 29 17 23 8 ;
3 18 24 18 14 2 1 25 20 14 14 2 24 0 9 11 30 9 19 8 1 30 13 22 2 10 10 13 15 30 25 26 28 6 19 19 11 26 11 14 21 25 12 0 25 9 27 2 6 13 21 31 11 28 21 27 0 26 27 1 4 22 10 22 23 0 ;
21 14 14 0 14 28 12 17 12 24 11 14 22 16 13 29 11 29 21 11 31 1 7 5 17 5 31 2 19 18 8 31 3 9 21 13 24 8 30 27 18 28 30 9 16 12 18 30 15 7 13 29 16 3 7 25 30 23 10 31 30 30 10 30 22 11 ;
0 19 28 25 29 16 29 29 17 17 6 18 1 30 8 8 1 13 6 24 22 30 1 7 15 23 20 7 5 15 16 20 4 15 5 9 27 23 23 1 18 0 13 30 5 1 7 23 1 3 23 2 26 3 20 19 12 5 27 8 1 24 21 17 31 27 ;
16 27 24 29 15 4 2 24 11 20 18 26 25 11 30 13 31 16 26 0 6 30 27 6 11 16 11 11 13 6 15 0 19 17 29 5 19 25 6 5 31 30 8 28 28 22 0 20 11 0 3 0 4 0 7 17 9 6 1 17 23 31 21 29 17 6 ;
